              person         999        3500        0.76       0.648       0.698       0.345
               chair         999         464       0.601       0.364       0.411       0.183
             vehicle         999        2153       0.765       0.786       0.815       0.557
           motorbike         999         826       0.624       0.558       0.579       0.292
           tablet_ad         999        1311       0.653       0.712       0.714        0.41
         trafficsign         999         164       0.568       0.457       0.476       0.293
               table         999          96       0.389       0.331       0.207      0.0921
         normal_tree         999         678        0.61       0.451       0.473       0.162
          rect_stall         999         111       0.543       0.225       0.251      0.0976
            tricycle         999         105       0.655       0.343       0.389        0.18
              bucket         999         228       0.577       0.487       0.481       0.261
               truck         999          89       0.503       0.461       0.471       0.295
          light_body         999         128       0.498      0.0776        0.14      0.0418
             cluster         999         177        0.34      0.0734       0.092      0.0418
        billboard_ad         999         261       0.411       0.264       0.237       0.125
            umbrella         999         186       0.804       0.747       0.781        0.46
     pedestrain_pile         999         178       0.684       0.292       0.324       0.153
        traffic_rail         999         180       0.462       0.434       0.374       0.157
          flat_stall         999         323       0.557       0.211       0.269       0.101
     vendor_business         999         229        0.59       0.393       0.383       0.128
             clothes         999         102       0.411       0.353        0.32       0.126
        basket_stall         999         140       0.333       0.243       0.216       0.103





               Class      Images      Labels           P           R      mAP@.5  mAP@.5:.95: 100%|████████████████████████████████████████████████████████████████████████████████████████████████████| 32/32 [00:10<00:00,  2.93it/s]
                 all         999       11629       0.549       0.392       0.408       0.208
              person         999        3500       0.735       0.637       0.687       0.338
               chair         999         464       0.615       0.315       0.382        0.18
             vehicle         999        2153       0.752       0.787       0.828       0.563
           motorbike         999         826       0.635       0.567       0.585       0.293
           tablet_ad         999        1311       0.622       0.715        0.71        0.41
         trafficsign         999         164       0.549         0.5       0.476       0.295
               table         999          96       0.515       0.276       0.267       0.134
         normal_tree         999         678       0.574       0.441       0.455       0.165
          rect_stall         999         111       0.444       0.261       0.221       0.077
            tricycle         999         105       0.586       0.305       0.349       0.167
              bucket         999         228       0.618       0.421       0.459       0.248
               truck         999          89       0.535       0.551       0.523       0.327
          light_body         999         128       0.513      0.0495       0.154      0.0455
             cluster         999         177       0.267      0.0621      0.0681      0.0309
        billboard_ad         999         261       0.479       0.276       0.266       0.147
            umbrella         999         186       0.766       0.737        0.78       0.454
     pedestrain_pile         999         178       0.613       0.275       0.333       0.157
        traffic_rail         999         180       0.437       0.417       0.348        0.14
          flat_stall         999         323       0.563       0.232       0.286      0.0965
     vendor_business         999         229       0.521        0.31       0.318       0.114
             clothes         999         102       0.442       0.333         0.3       0.108
        basket_stall         999         140       0.304       0.157       0.173      0.0799



               Class      Images      Labels           P           R      mAP@.5  mAP@.5:.95: 100%|██████████████████████████████████████████████████████████████████████████████████████████████████| 250/250 [00:13<00:00, 18.34it/s]
                 all         999       11629       0.539       0.392       0.401       0.201
              person         999        3500       0.743       0.635       0.685       0.339
               chair         999         464       0.547       0.351       0.383       0.176
             vehicle         999        2153       0.756       0.795       0.824       0.561
           motorbike         999         826       0.626       0.541        0.58       0.295
           tablet_ad         999        1311       0.619       0.732       0.702       0.406
         trafficsign         999         164       0.552       0.488       0.474       0.276
               table         999          96       0.302       0.323       0.221       0.103
         normal_tree         999         678       0.622        0.42       0.462        0.15
          rect_stall         999         111       0.406       0.148       0.171      0.0613
            tricycle         999         105       0.607       0.309       0.365       0.176
              bucket         999         228       0.666       0.464       0.471       0.246
               truck         999          89       0.476       0.506       0.509       0.324
          light_body         999         128       0.434      0.0859       0.121      0.0331
             cluster         999         177       0.305      0.0847       0.079      0.0277
        billboard_ad         999         261       0.382       0.199       0.212       0.109
            umbrella         999         186       0.765       0.726       0.757       0.432
     pedestrain_pile         999         178       0.708       0.287       0.328       0.152
        traffic_rail         999         180       0.396       0.433       0.345       0.153
          flat_stall         999         323       0.544       0.207       0.256      0.0846
     vendor_business         999         229       0.575       0.301       0.324      0.0996
             clothes         999         102        0.44       0.392       0.364       0.142
        basket_stall         999         140       0.382       0.186        0.18      0.0757






